1 0.959400 0.444733 0.044670 0.027377
1 0.803957 0.442373 0.041397 0.029210
1 0.675139 0.451567 0.048777 0.026782
1 0.493369 0.449686 0.052085 0.028650
1 0.285718 0.444584 0.052959 0.034206
2 0.794351 0.458054 0.035438 0.007589
2 0.694333 0.466165 0.057658 0.008939
2 0.505983 0.464250 0.079061 0.010902
2 0.290457 0.465584 0.118542 0.011110
0 0.805049 0.457494 0.060633 0.063239
0 0.667233 0.461396 0.137237 0.075362
0 0.485463 0.459515 0.138865 0.073520
0 0.280233 0.459361 0.139636 0.067973
