1 0.963512 0.469671 0.047136 0.029690
1 0.808698 0.458928 0.044051 0.031340
1 0.679332 0.461145 0.051171 0.029318
1 0.498214 0.449458 0.054646 0.031358
1 0.291591 0.433162 0.056051 0.036941
2 0.797612 0.474050 0.036038 0.009474
2 0.697076 0.476742 0.058308 0.012019
2 0.509397 0.464665 0.079822 0.015131
2 0.294303 0.454364 0.119181 0.017469
0 0.808337 0.474068 0.066483 0.066284
0 0.670503 0.470522 0.143975 0.082499
0 0.489385 0.458835 0.145420 0.080751
0 0.284702 0.447605 0.145656 0.075265
