1 0.047279 0.419494 0.046733 0.029305
1 0.202531 0.425731 0.043614 0.030988
1 0.330096 0.442019 0.050781 0.028896
1 0.511556 0.450189 0.054229 0.030907
1 0.719144 0.456577 0.055543 0.036488
2 0.210571 0.441901 0.035949 0.009156
2 0.309520 0.455517 0.058218 0.011498
2 0.497546 0.464016 0.079721 0.014414
2 0.712355 0.477258 0.119116 0.016389
0 0.199956 0.440750 0.065508 0.065788
0 0.337015 0.452259 0.142877 0.081310
0 0.518475 0.460428 0.144354 0.079546
0 0.723162 0.471617 0.144681 0.074047
